{
  "0": {
    "precision": 0.8715393133997785,
    "recall": 0.7603864734299517,
    "f1-score": 0.8121775025799793,
    "support": 1035.0
  },
  "1": {
    "precision": 0.5098814229249012,
    "recall": 0.6898395721925134,
    "f1-score": 0.5863636363636363,
    "support": 374.0
  },
  "accuracy": 0.7416607523066004,
  "macro avg": {
    "precision": 0.6907103681623399,
    "recall": 0.7251130228112326,
    "f1-score": 0.6992705694718078,
    "support": 1409.0
  },
  "weighted avg": {
    "precision": 0.7755421160700382,
    "recall": 0.7416607523066004,
    "f1-score": 0.7522382648476074,
    "support": 1409.0
  }
}