{
  "0": {
    "precision": 0.8471035137701804,
    "recall": 0.8618357487922705,
    "f1-score": 0.8544061302681992,
    "support": 1035.0
  },
  "1": {
    "precision": 0.598314606741573,
    "recall": 0.56951871657754,
    "f1-score": 0.5835616438356165,
    "support": 374.0
  },
  "accuracy": 0.7842441447835344,
  "macro avg": {
    "precision": 0.7227090602558768,
    "recall": 0.7156772326849052,
    "f1-score": 0.7189838870519079,
    "support": 1409.0
  },
  "weighted avg": {
    "precision": 0.7810658620819624,
    "recall": 0.7842441447835344,
    "f1-score": 0.7825141232236386,
    "support": 1409.0
  }
}