{
  "0": {
    "precision": 0.9033412887828163,
    "recall": 0.7314009661835749,
    "f1-score": 0.808328884143086,
    "support": 1035.0
  },
  "1": {
    "precision": 0.5131348511383538,
    "recall": 0.7834224598930482,
    "f1-score": 0.6201058201058202,
    "support": 374.0
  },
  "accuracy": 0.7452093683463449,
  "macro avg": {
    "precision": 0.708238069960585,
    "recall": 0.7574117130383116,
    "f1-score": 0.714217352124453,
    "support": 1409.0
  },
  "weighted avg": {
    "precision": 0.799766265589751,
    "recall": 0.7452093683463449,
    "f1-score": 0.7583676166129671,
    "support": 1409.0
  }
}