{
  "0": {
    "precision": 0.9032258064516129,
    "recall": 0.7304347826086957,
    "f1-score": 0.8076923076923077,
    "support": 1035.0
  },
  "1": {
    "precision": 0.5122377622377622,
    "recall": 0.7834224598930482,
    "f1-score": 0.6194503171247357,
    "support": 374.0
  },
  "accuracy": 0.7444996451383961,
  "macro avg": {
    "precision": 0.7077317843446875,
    "recall": 0.7569286212508719,
    "f1-score": 0.7135713124085217,
    "support": 1409.0
  },
  "weighted avg": {
    "precision": 0.7994433163622018,
    "recall": 0.7444996451383961,
    "f1-score": 0.7577260163706101,
    "support": 1409.0
  }
}